----
5.262027 0.0093 5.384095 0.0045
5.063375 0.0156 5.338234 0.0123
4.787245 0.0351 5.519682 0.0155
4.273073 0.0799 4.854666 0.0379
3.858996 0.1333 4.927874 0.0390
3.541911 0.1859 4.731054 0.0559
3.268711 0.2341 4.581044 0.0744
3.048645 0.2783 4.353071 0.0941
2.844616 0.3166 4.453813 0.0952
2.661056 0.3527 4.390242 0.1022
2.339706 0.4214 3.988246 0.1509
2.225700 0.4461 4.084548 0.1432
2.167810 0.4576 4.190593 0.1373
2.105993 0.4734 4.012060 0.1554
2.092813 0.4749 4.021165 0.1551
2.085456 0.4759 4.046065 0.1528
2.082228 0.4781 4.039015 0.1541
2.080482 0.4775 4.035068 0.1541
2.081940 0.4769 4.029310 0.1553
2.082390 0.4778 4.030320 0.1546
----
5.295277 0.0080 5.285768 0.0068
5.126095 0.0141 5.423021 0.0056
4.808173 0.0317 4.980265 0.0188
4.427962 0.0652 5.196800 0.0219
4.049454 0.1093 4.521566 0.0617
3.700583 0.1601 4.481009 0.0688
3.407034 0.2116 4.824009 0.0540
3.186164 0.2529 4.233133 0.1078
2.974861 0.2921 4.219679 0.1113
2.800116 0.3254 4.490687 0.0875
2.630405 0.3609 4.326976 0.0980
2.469844 0.3922 4.428281 0.1077
2.322091 0.4266 4.424547 0.1070
2.173865 0.4552 4.413008 0.1084
2.036125 0.4825 3.938863 0.1521
1.916306 0.5104 4.263173 0.1267
1.783137 0.5366 4.522988 0.1290
1.657708 0.5659 3.959523 0.1745
1.530851 0.5946 4.159918 0.1510
1.413270 0.6198 3.980462 0.1864
----
5.243687 0.0102 5.258716 0.0080
4.862933 0.0282 4.752070 0.0357
4.253142 0.0849 5.159692 0.0372
3.730191 0.1591 3.941509 0.1443
3.353436 0.2207 3.611678 0.1937
3.039947 0.2804 3.424692 0.2251
2.770018 0.3323 3.708677 0.2077
2.517140 0.3834 3.621214 0.2232
2.041616 0.4911 2.591364 0.3837
1.865863 0.5326 2.547343 0.3913
1.751074 0.5594 2.554382 0.3904
1.636817 0.5872 2.595378 0.3886
1.486290 0.6305 2.506448 0.4059
1.455594 0.6388 2.509063 0.4047
1.436864 0.6441 2.510522 0.4038
1.417478 0.6498 2.511535 0.4034
1.414211 0.6510 2.511223 0.4024
1.412058 0.6509 2.511319 0.4025
1.411550 0.6506 2.510168 0.4034
1.411630 0.6517 2.510283 0.4031
----
5.299374 0.0052 5.297131 0.0078
5.153540 0.0118 5.133039 0.0174
4.935954 0.0258 4.979295 0.0334
4.632820 0.0536 4.833425 0.0409
4.367963 0.0836 4.616809 0.0823
4.105939 0.1145 4.489911 0.0891
3.874938 0.1483 4.331644 0.1182
3.689316 0.1760 4.239524 0.1296
3.540145 0.1987 4.117047 0.1493
3.417414 0.2190 4.030788 0.1678
3.307310 0.2395 3.969884 0.1770
3.217530 0.2549 3.940799 0.1785
3.125535 0.2697 3.838381 0.1990
3.028379 0.2887 3.766910 0.2101
2.956996 0.3006 3.696645 0.2251
2.885393 0.3126 3.643143 0.2247
2.816601 0.3239 3.612738 0.2417
2.748082 0.3363 3.645481 0.2226
2.697996 0.3470 3.522434 0.2585
2.637063 0.3580 3.515914 0.2505
----
5.294259 0.0068 5.276188 0.0084
5.147091 0.0111 5.462692 0.0053
4.989747 0.0189 5.300436 0.0083
4.812117 0.0287 5.165391 0.0092
4.740705 0.0335 5.158067 0.0105
4.672852 0.0381 5.083189 0.0146
4.594272 0.0431 5.132407 0.0175
4.505072 0.0506 5.089378 0.0227
4.422590 0.0587 5.042028 0.0207
4.406204 0.0592 5.034712 0.0215
4.390636 0.0609 5.052085 0.0197
4.380902 0.0612 5.059106 0.0199
4.368513 0.0625 5.057040 0.0199
4.365478 0.0619 5.074033 0.0199
4.364490 0.0619 5.067530 0.0200
4.363547 0.0631 5.067667 0.0197
4.364036 0.0640 5.065800 0.0198
4.363622 0.0633 5.065133 0.0197
4.362412 0.0636 5.069089 0.0198
4.362714 0.0624 5.067520 0.0198
----
5.386462 0.0091 5.276361 0.0087
4.979516 0.0317 5.381825 0.0117
4.398053 0.0841 5.130573 0.0303
3.807067 0.1633 4.745635 0.0629
3.356579 0.2355 4.117925 0.1245
3.027829 0.2941 3.807957 0.1743
2.771005 0.3445 3.713590 0.1866
2.531121 0.3914 3.601183 0.2049
2.325891 0.4338 3.882992 0.1770
2.126539 0.4720 3.801646 0.1707
1.697967 0.5729 3.390519 0.2486
1.569746 0.6014 3.415819 0.2471
1.497038 0.6158 3.590673 0.2294
1.412111 0.6366 3.663534 0.2259
1.394683 0.6414 3.645201 0.2288
1.380535 0.6454 3.662608 0.2283
1.384130 0.6437 3.652038 0.2289
1.379077 0.6448 3.642975 0.2304
1.385551 0.6428 3.634630 0.2301
1.382841 0.6427 3.646085 0.2297
----
6.688312 0.0073 5.316476 0.0060
5.201197 0.0268 5.047268 0.0286
4.610715 0.0799 5.167311 0.0296
4.119599 0.1399 5.988732 0.0298
3.666747 0.2040 4.618806 0.0761
3.478364 0.2319 4.665567 0.0785
3.357550 0.2524 4.823749 0.0701
3.247559 0.2702 4.657332 0.0872
3.220492 0.2768 4.637815 0.0894
3.204451 0.2790 4.716305 0.0849
3.201750 0.2805 4.669791 0.0874
3.200842 0.2804 4.692375 0.0866
3.202638 0.2797 4.689197 0.0866
3.200110 0.2804 4.674008 0.0875
3.200298 0.2797 4.676441 0.0874
3.199330 0.2796 4.678481 0.0873
3.200680 0.2801 4.665795 0.0875
3.199178 0.2805 4.685231 0.0869
3.201305 0.2801 4.662743 0.0880
3.202704 0.2789 4.718532 0.0855
----
5.185692 0.0105 4.984124 0.0251
4.776100 0.0467 4.534711 0.0707
4.235904 0.1079 4.080770 0.1323
3.829407 0.1658 3.816633 0.1687
3.525193 0.2117 3.723340 0.1977
3.270272 0.2545 3.506440 0.2288
3.029986 0.2969 3.484424 0.2375
2.789366 0.3412 3.432305 0.2516
2.551597 0.3843 3.482355 0.2543
2.279097 0.4374 3.643324 0.2504
1.615756 0.5924 3.949316 0.2621
1.432226 0.6370 4.085679 0.2583
1.293570 0.6751 4.176157 0.2607
1.276096 0.6792 4.219445 0.2605
1.260650 0.6837 4.221363 0.2602
1.259229 0.6839 4.226119 0.2599
1.257989 0.6840 4.226271 0.2599
1.257785 0.6841 4.226540 0.2599
1.257523 0.6841 4.226572 0.2599
1.257665 0.6841 4.226602 0.2598
----
5.156785 0.0209 4.767892 0.0409
4.242564 0.1013 4.178027 0.1161
3.497676 0.2103 3.553761 0.2113
3.042517 0.2925 3.174985 0.2724
2.657623 0.3651 3.179908 0.2820
2.343330 0.4278 3.001223 0.3164
2.039183 0.4923 3.049166 0.3226
1.735836 0.5565 3.011952 0.3481
1.043788 0.7324 2.403230 0.4560
0.809913 0.7941 2.417340 0.4578
0.669427 0.8382 2.447184 0.4549
0.526354 0.8878 2.407264 0.4643
0.504375 0.8954 2.413786 0.4642
0.488959 0.9007 2.415903 0.4636
0.487940 0.9006 2.416020 0.4641
0.486220 0.9014 2.415772 0.4633
0.485590 0.9017 2.417710 0.4627
0.485582 0.9016 2.415563 0.4634
0.485092 0.9022 2.415878 0.4635
0.485445 0.9017 2.416998 0.4637